### AT3G23710.1
Exon (nt) length:
552
75
57
60
81
36
81

Exon (aa) length:
1. 184
2. 25
3. 19
4. 20
5. 27
6. 12
7. 27
11111111111111111111111111111111111111111111111111111111111111111111111111111111111111111111111111111111111111111111111111111111111111111111111111111111111111111111111111111111111111112222222222222222222222222333333333333333333344444444444444444444555555555555555555555555555666666666666777777777777777777777777777

### AT5G62650.1
Exon (nt) length:
301
219
179
181
128
42
80
95
365

Exon (aa) length:
1. 100
2. 73
3. 60
4. 60
5. 42
6. 14
7. 26
8. 31
9. 121

11111111111111111111111111111111111111111111111111111111111111111111111111111111111111111111111111112222222222222222222222222222222222222222222222222222222222222222222222222333333333333333333333333333333333333333333333333333333333333444444444444444444444444444444444444444444444444444444444444555555555555555555555555555555555555555555666666666666667777777777777777777777777788888888888888888888888888888889999999999999999999999999999999999999999999999999999999999999999999999999999999999999999999999999999999999999999999999999
