0.000000
0.000000
0.000000
0.000000
0.000000
0.000000
0.000000
0.000000
0.000000
0.000000
0.000000
0.000000
0.000000
0.000000
0.000000
0.000000
0.000000
0.000000
0.000000
0.000000
0.000000
0.000000
0.000090
0.000074
0.000055
0.001017
0.001359
0.002158
0.002628
0.002903
0.002965
0.003008
0.003086
0.006280
0.006928
0.007316
0.008551
0.008946
0.009391
0.013552
0.014692
0.017076
0.019477
0.043144
2.188364
1.626852
1.487869
1.395352
0.878879
0.854513
0.810033
0.786466
0.772070
0.759571
0.750083
0.738788
0.011417
0.020299
0.020492
0.022649
0.023106
0.020211
0.018968
0.018023
0.019944
0.026860
0.020950
0.021593
0.017566
0.013308
0.014129
0.014968
0.039217
0.049426
0.054405
0.074522
0.083543
0.082777
0.087922
0.096686
0.143976
0.159059
0.168927
0.383409
0.428136
0.475297
0.417398
0.608987
0.660700
0.668965
0.671578
0.683143
0.697560
0.738007
0.764568
0.816401
0.838766
0.826329
0.839930
0.840137
0.787963
0.794045
0.000067
0.000048
0.000045
0.000040
0.000041
0.000038
0.000046
0.000027
0.000054
0.000064
0.000056
0.000019
0.000035
0.000025
0.000022
0.000023
0.000052
0.000052
0.000031
0.000064
0.000086
0.000040
0.000046
0.000056
0.000086
0.000018
0.000011
0.000015
0.000020
0.000023
0.000028
0.000029
0.000040
0.000052
0.000059
0.000484
0.001036
0.001614
0.001910
0.002381
0.002625
0.002625
0.002548
0.002590
0.002531
0.002588
0.002418
0.002431
0.002273
0.001956
0.001791
0.001780
0.001663
0.001614
0.001715
0.001761
0.001862
0.002058
0.002479
0.003173
0.003565
0.003871
0.004264
0.004910
0.005161
0.006405
0.006872
0.824509
0.802559
0.793559
0.771818
0.001014
0.000977
0.736277
0.695819
0.647324
0.549973
0.055231
0.032634
0.058228
0.061206
0.061889
0.064298
0.061415
0.056382
0.038402
0.032678
0.003094
0.322245
0.319292
0.321601
0.316306
0.314960
0.306840
0.171760
0.165021
0.145552
0.165589
0.168769
0.171547
0.175018
0.169766
0.162620
0.148505
0.129938
0.102642
0.098339
0.088937
0.002317
0.093182
0.092677
0.091088
0.078321
0.079345
0.078796
0.077137
0.074016
0.070788
0.049725
0.043941
0.041203
0.040476
0.020277
0.037490
0.345664
0.415595
0.537103
0.663629
0.781862
0.815442
0.854367
0.840701
0.832922
0.814234
1.390358
1.039268
0.918890
0.773367
0.739054
0.573028
0.545327
0.028443
0.021857
0.018787
0.019537
0.023549
0.042602
0.079813
0.088625
0.122503
0.131933
0.686932
0.832153
0.891743
1.001655
1.399773
0.000521
0.000511
0.000612
1.601755
1.906669
0.014444
2.761998
3.309776
3.893297
4.489255
0.000616
0.001269
0.002093
0.002689
0.003211
5.320775
6.023277
6.271394
6.506521
6.799371
7.109072
7.431763
7.534780
7.714524
7.851223
8.005777
8.039678
8.082928
8.141495
8.186453
8.215431
8.214916
8.148947
8.070726
7.885239
7.682525
7.374259
7.132096
6.913446
6.596290
6.282249
5.996330
5.807984
5.595701
5.367996
4.955998
4.623464
0.120947
0.031510
3.170914
2.708421
2.284144
0.120812
0.016516
0.120063
0.172175
0.417247
0.484814
0.006265
0.000548
0.008622
0.012996
0.015660
0.018674
0.019714
4.127227
4.507269
0.107573
5.302377
5.476909
5.756885
6.161965
6.460723
6.835241
7.196958
7.408848
7.598978
7.833118
7.989013
7.982680
7.961913
7.955020
7.894777
7.684282
0.068941
7.522053
0.001333
0.000731
0.000429
0.000228
0.000091
0.000051
0.000048
0.000036
0.000045
0.000061
0.000076
0.000108
0.000166
0.000617
0.001333
6.876905
6.787738
6.622039
6.610817
6.541597
0.017318
0.014712
0.000404
0.000268
0.000160
0.000503
0.000127
0.000137
0.000212
0.000231
0.000123
0.000525
0.001610
0.002074
0.000079
0.000061
0.000073
0.000104
0.000030
0.000048
0.015346
0.008716
0.009787
0.011482
6.513721
6.574398
6.687879
6.720751
0.181516
6.877847
7.250760
7.620956
7.931221
8.097377
8.109373
8.151602
8.180711
8.182780
8.202262
8.137004
8.075141
8.017889
7.898209
7.422955
6.936878
5.398115
4.881750
1.551963
1.397207
1.311121
1.252539
0.007002
0.004889
0.002519
0.002145
0.003805
0.002664
0.002479
0.002577
0.009322
0.011212
0.012993
0.996781
1.012360
0.059945
0.065433
5.543597
6.136122
6.724209
6.948031
0.000066
0.000086
0.000054
0.000071
0.000640
0.000632
0.000365
0.000564
0.000697
0.000977
0.001877
0.005618
7.513658
7.713808
7.908973
8.063165
8.212587
8.141179
8.096001
8.161733
8.170008
0.015365
0.016804
0.018740
0.020326
8.088251
8.010847
7.945965
7.880013
7.550904
7.162248
6.736626
6.004916
5.458330
5.029248
4.521465
4.246413
1.849167
1.951620
1.120723
0.019538
0.004246
0.003582
0.002786
0.002589
0.002656
0.000121
0.000208
0.000209
0.000185
0.000122
0.000087
0.000083
0.000157
0.000327
0.000382
0.000540
0.000939
0.002505
2.106935
4.531203
4.811494
5.643593
6.788079
7.427424
7.616737
7.679188
7.642232
7.659449
6.691433
6.100277
5.686075
0.022498
0.901981
0.866453
0.773436
0.779853
0.875677
0.923869
5.496697
6.283241
6.385690
6.437715
0.062985
0.065291
0.000299
0.000616
0.000610
0.000848
0.004108
0.004400
0.004924
6.926073
7.042578
7.126377
7.251321
7.316194
0.031055
0.033016
0.000179
0.000172
0.000358
0.000233
0.000190
0.000226
0.000265
0.000875
0.001365
0.003402
0.014784
7.637634
7.853897
8.090478
8.311576
8.332012
8.359828
8.346552
8.262637
8.195409
0.021702
0.018897
0.016842
0.016787
0.016866
8.061516
7.978683
7.809088
7.585942
7.250813
7.019463
6.873005
6.517938
6.253432
6.002058
5.556317
5.273344
4.973055
4.659832
4.348270
3.803846
3.555231
3.422639
3.327176
3.443397
0.596082
0.576892
0.569507
0.039556
0.001740
0.001970
0.000821
0.000851
0.000810
0.000813
0.000798
0.001548
0.001683
0.000895
0.000850
0.000786
0.001157
0.000766
0.000802
0.000857
0.000884
0.000941
0.001069
0.002424
0.004731
0.000655
0.000684
0.000720
0.000801
0.000715
0.000751
0.000714
0.000716
0.000785
0.000831
0.000740
0.000687
0.000686
0.000691
0.000738
0.000668
0.000672
0.000678
0.000681
0.000698
0.000700
0.000863
0.000695
0.000753
0.000900
0.000710
0.000744
0.000867
0.000897
0.001039
0.001544
0.003046
0.005855
4.714106
5.437323
6.142844
6.270659
0.001330
0.000965
0.000591
0.000426
0.000490
0.000369
0.000357
0.000388
0.001064
0.001069
0.001794
0.004425
0.000002
0.000002
0.000009
0.000006
0.000016
0.000010
0.000019
0.000026
0.000110
0.000144
0.001019
0.001133
0.002167
6.481671
6.706456
6.817424
6.945383
7.004042
7.009180
7.022074
7.000472
6.870186
6.846575
6.748317
6.326685
5.770579
5.418049
4.973077
1.363443
0.006045
0.005639
0.001559
0.001021
0.001140
0.000931
0.000981
4.828599
0.078528
0.084674
5.694552
5.989779
6.417124
6.605318
6.728946
6.911925
6.959480
7.022117
6.998375
6.874729
6.448901
5.847880
5.309895
4.995270
4.617617
4.197173
3.768554
3.409068
3.110598
2.847306
1.750098
1.546574
0.877106
0.699595
0.110898
0.099933
0.089756
0.054595
0.269468
0.242446
0.190445
0.008440
0.008529
0.008530
0.008636
0.214450
0.177890
0.140596
0.122853
0.118782
0.057963
0.057853
0.051741
0.040079
0.034153
0.029861
0.028843
0.018712
0.017162
0.014468
0.009459
0.001637
0.001360
0.001154
0.001492
0.002198
0.004435
0.002826
0.001830
0.002669
0.003579
0.005287
0.006765
0.221739
0.000016
0.000011
0.000008
0.000031
0.000032
0.000027
0.000022
0.000010
0.000012
0.000006
0.000006
0.000008
0.000012
0.000009
0.000007
0.000016
0.000014
0.000017
0.000019
0.000031
0.000019
0.000028
0.000016
0.000011
0.000012
0.000019
0.000011
0.208966
0.008981
0.007816
0.159248
0.020693
0.006457
0.000932
0.001231
0.001230
0.000917
0.000920
0.000000
0.000000
0.000000
0.000000
0.000000
0.000000
0.000000
0.000000
0.000000
0.000000
0.000000
0.000000
0.000000
0.000000
0.000000
0.000000
0.000000
0.000000
0.000000
0.000000
0.000000
0.000000
0.000000
0.000000
0.000000
0.000000
0.000000
0.000000
0.000000
0.000000
0.000000
0.000000
0.000000
0.000016
0.000023
0.000026
0.000027
0.000023
0.000017
0.000000
0.000000
0.000000
0.000000
0.000000
0.000000
0.000000
0.000000
0.000000
0.000000
0.000000
0.000000
0.000000
0.000000
0.000000
0.000000
0.000000
0.000000
0.000000
0.000000
0.000000
0.000000
0.000000
0.000000
0.000000
0.000000
0.000000
0.000000
0.000000
0.000000
0.000000
0.000000
0.000000
0.000000
0.000000
0.000009
0.000009
0.000068
0.000311
0.000429
0.000446
0.000455
0.000466
0.000468
0.000468
0.000468
0.000468
0.000468
0.000468
0.000468
0.000468
0.000468
0.000467
0.000466
0.000465
0.000465
0.000467
0.000468
0.000468
0.000468
0.000468
0.000468
0.000468
0.000468
0.000468
0.000468
0.000468
0.000468
0.000468
0.000468
0.000468
0.000468
0.000468
0.000468
0.000468
0.000468
0.000468
0.000468
0.000468
0.000468
0.000468
0.000468
0.000468
0.000468
0.000468
0.000468
0.000468
0.000468
0.000468
0.000468
0.000468
0.000468
0.000468
0.000468
0.000468
0.000468
0.000468
0.000468
0.000468
0.000468
0.000468
0.000468
0.000468
0.000468
0.000468
0.000468
0.000468
0.000468
0.000468
0.000468
0.000468
0.000468
0.000468
0.000468
0.000468
0.000468
0.000468
0.000468
0.000468
0.000468
0.000468
0.000468
0.000468
0.000468
0.000468
0.000468
0.000468
0.000468
0.000468
0.000468
0.000468
0.000468
0.000468
0.000468
0.000468
0.000468
0.000468
0.000468
0.000468
0.000468
0.000468
0.000468
0.000468
0.000468
0.000468
0.000468
0.000468
0.000468
0.000468
0.000468
0.000468
0.000468
0.000468
0.000468
0.000468
0.000468
0.000468
0.000468
0.000468
0.000468
0.000468
0.000468
0.000468
0.000468
0.000468
0.000468
0.000468
0.000468
0.000468
0.000468
0.000468
0.000468
0.000468
0.000468
0.000468
0.000468
0.000468
0.000468
0.000468
0.000468
0.000468
0.000468
0.000468
0.000468
0.000468
0.000468
0.000468
0.000468
0.000468
0.000468
0.000468
0.000468
0.000468
0.000468
0.000468
0.000468
0.000468
0.000468
0.000468
0.000468
0.000468
0.000468
0.000468
0.000468
0.000468
0.000468
0.000468
0.000468
0.000468
0.000468
0.000468
0.000468
0.000468
0.000468
0.000468
0.000468
0.000468
0.000468
0.000468
0.000468
0.000468
0.000468
0.000468
0.000468
0.000468
0.000468
0.000468
0.000468
0.000468
0.000468
0.000468
0.000468
0.000468
0.000468
0.000468
0.000468
0.000468
0.000468
0.000468
0.000468
0.000468
0.000468
0.000468
0.000468
0.000468
0.000468
0.000468
0.000468
0.000468
0.000468
0.000468
0.000468
0.000468
0.000468
0.000468
0.000468
0.000468
0.000468
0.000468
0.000468
0.000468
0.000468
0.000468
0.000468
0.000468
0.000468
0.000468
0.000468
0.000468
0.000468
0.000468
0.000468
0.000468
0.000468
0.000468
0.000468
0.000468
0.000468
0.000468
0.000468
0.000468
0.000468
0.000468
0.000468
0.000468
0.000468
0.000468
0.000468
0.000468
0.000468
0.000468
0.000468
0.000468
0.000468
0.000468
0.000468
0.000468
0.000468
0.000468
0.000468
0.000468
0.000468
0.000468
0.000468
0.000468
0.000468
0.000468
0.000468
0.000468
0.000468
0.000468
0.000468
0.000468
0.000468
0.000468
0.000468
0.000468
0.000468
0.000468
0.000468
0.000468
0.000468
0.000468
0.000468
0.000468
0.000468
0.000468
0.000468
0.000468
0.000468
0.000468
0.000468
0.000468
0.000468
0.000468
0.000468
0.000468
0.000468
0.000468
0.000468
0.000468
0.000468
0.000468
0.000468
0.000468
0.000468
0.000468
0.000468
0.000468
0.000468
0.000468
0.000468
0.000468
0.000468
0.000468
0.000468
0.000468
0.000468
0.000468
0.000468
0.000468
0.000467
0.000456
0.000444
0.000437
0.000378
0.000190
0.000183
0.000310
0.000446
0.000451
0.000436
0.000408
0.000345
0.000441
0.000454
0.000462
0.000467
0.000467
0.000468
0.000468
0.000468
0.000468
0.000468
0.000468
0.000468
0.000468
0.000468
0.000468
0.000468
0.000468
0.000468
0.000468
0.000468
0.000468
0.000468
0.000468
0.000468
0.000468
0.000468
0.000468
0.000468
0.000468
0.000468
0.000468
0.000468
0.000468
0.000468
0.000468
0.000468
0.000468
0.000468
0.000468
0.000468
0.000468
0.000468
0.000468
0.000468
0.000468
0.000468
0.000468
0.000468
0.000468
0.000468
0.000468
0.000468
0.000468
0.000468
0.000468
0.000468
0.000468
0.000468
0.000468
0.000468
0.000468
0.000468
0.000468
0.000468
0.000468
0.000468
0.000468
0.000468
0.000468
0.000468
0.000468
0.000468
0.000468
0.000468
0.000468
0.000468
0.000468
0.000468
0.000468
0.000468
0.000468
0.000468
0.000468
0.000468
0.000468
0.000468
0.000468
0.000468
0.000468
0.000468
0.000468
0.000468
0.000468
0.000468
0.000468
0.000468
0.000468
0.000468
0.000468
0.000468
0.000468
0.000468
0.000468
0.000468
0.000468
0.000468
0.000468
0.000468
0.000468
0.000468
0.000468
0.000468
0.000468
0.000468
0.000468
0.000468
0.000468
0.000468
0.000468
0.000468
0.000468
0.000468
0.000468
0.000468
0.000468
0.000468
0.000468
0.000468
0.000468
0.000468
0.000468
0.000468
0.000468
0.000468
0.000468
0.000468
0.000468
0.000468
0.000468
0.000468
0.000468
0.000468
0.000468
0.000468
0.000468
0.000468
0.000468
0.000468
0.000468
0.000468
0.000468
0.000468
0.000468
0.000468
0.000467
0.000457
0.000428
0.000000
