0.046221
0.045801
0.031464
0.031464
0.082705
0.095113
0.101236
0.106763
0.107029
0.104993
0.090551
0.089298
0.076406
0.125437
0.111643
0.083796
0.071942
0.068526
0.062036
0.066174
0.070259
0.088395
0.087220
0.086656
0.085497
0.041123
0.042946
0.027934
0.021343
0.021474
0.021310
0.019474
0.018597
0.017761
0.017245
0.377186
0.359353
0.103840
0.093800
0.088164
0.029614
0.012673
0.134192
0.136047
0.108303
0.247202
0.281827
0.282112
0.348735
0.485331
0.005475
0.811763
0.971838
1.105139
1.233942
1.295713
1.309795
0.527335
0.488201
0.486016
0.490273
0.028625
0.028246
0.025557
0.000797
0.000432
0.000656
0.000278
0.000769
0.000837
0.000268
0.000903
0.000418
0.000333
0.016995
0.018718
0.020254
0.020385
0.022348
0.023110
0.023262
0.023707
0.023325
0.023196
0.023317
0.024249
0.026154
0.024700
0.025359
0.026252
0.026979
0.027792
0.027730
0.021707
1.030023
1.077472
1.545833
1.629259
1.490281
1.770201
1.791551
1.682836
1.668276
1.656356
1.634299
1.588399
1.512250
0.886329
0.820605
1.035902
0.868913
0.808686
0.743900
0.041407
0.042854
0.075909
0.073982
0.073285
0.070140
0.064958
0.062654
0.060431
0.056176
0.003094
0.029021
0.030535
0.032472
0.034551
0.043936
0.049120
0.050872
0.051977
0.052494
0.052950
0.054642
0.000071
0.054679
0.241581
0.242053
0.242276
0.240043
0.190470
0.226263
0.229028
0.228456
0.235863
0.229203
0.218372
0.212599
0.207622
0.196046
0.153128
0.153859
0.158736
0.142552
0.135810
0.156616
0.114049
0.154374
0.339969
0.446145
0.698075
0.838203
0.992020
1.010054
1.047233
0.954387
0.969466
1.001255
0.911273
0.822812
0.444747
0.323025
0.277039
0.005757
0.006011
0.000396
0.000287
0.000234
0.000266
0.000310
0.264450
0.271285
0.290111
0.662922
0.581954
0.583209
0.737605
0.845488
0.977380
0.678225
0.851057
2.542634
2.906836
3.748937
4.386299
0.008548
0.010790
5.276156
6.065466
6.910668
7.158913
7.398693
7.701440
8.016410
8.352241
8.484055
8.669640
8.786184
8.950947
8.981116
9.016295
9.076256
9.099917
9.115092
9.112225
9.021272
8.930766
8.799738
8.697038
8.435852
8.235784
8.032396
7.744904
7.340291
7.189890
0.042867
0.039224
0.032671
6.915142
6.660443
6.355798
5.794565
5.327207
0.267316
4.373403
4.185618
3.091473
0.276329
0.249880
0.210833
0.089281
0.027216
0.027602
0.021630
0.022607
0.029881
0.033731
0.005018
0.057861
0.064239
4.769411
5.413303
6.121553
6.432011
6.689460
7.108055
7.416949
7.768704
8.050239
8.193310
8.356740
8.495509
8.663590
8.638493
8.613399
8.567641
8.483875
8.283688
8.050719
7.669286
6.595186
6.253877
5.975080
5.978591
0.041705
0.014978
0.000866
0.000773
0.000363
0.002496
0.000538
0.000552
0.000589
0.000654
0.000303
0.000980
0.001016
0.000827
0.000180
0.000115
0.000140
0.000193
0.000073
0.000128
0.014163
0.004849
0.007322
0.009280
5.888851
5.909934
6.020377
6.055259
0.153684
6.994036
7.536366
8.015734
8.488815
8.746834
8.762712
8.829217
8.862620
8.869934
8.896079
8.851522
8.795686
8.722360
8.534207
8.003758
7.507759
1.296702
1.167686
0.975822
0.877583
0.631972
0.572834
0.177451
0.100144
4.573835
4.889594
0.131253
5.942335
0.036192
0.036508
0.036514
0.037097
0.037663
0.040374
0.041488
0.042789
0.050415
0.073511
7.453670
8.298862
8.634250
9.048155
9.167008
9.409046
9.565535
9.662407
9.645618
9.628136
9.637969
9.655687
9.608100
9.501940
9.417614
9.339976
8.991689
8.517145
7.909223
6.885737
5.785278
4.610374
3.889877
3.314722
2.505047
0.018211
0.005251
0.003209
0.003238
0.001877
0.002047
2.389948
0.339063
5.052346
5.983759
6.871567
7.839041
8.224754
8.930358
9.416900
9.506917
9.464874
9.393765
8.624343
7.359241
6.977095
6.444668
0.014918
0.139381
0.138524
0.143637
0.152083
0.162977
0.193519
6.895827
6.974247
7.019591
6.963807
0.022921
0.027499
7.252817
7.191197
7.204711
7.035526
0.110650
0.114040
0.038119
0.032320
0.028820
0.016678
0.009002
0.005873
0.003725
0.003853
0.004844
0.007828
0.030034
0.000117
0.000172
0.000927
0.003776
0.014529
0.020674
7.628264
7.953977
8.371683
8.720497
8.762800
8.826461
8.805929
8.708323
8.634131
8.756882
8.559251
8.412625
8.198354
7.911163
7.724380
7.553721
7.146614
6.819049
6.496200
6.071698
5.712587
5.259076
4.689443
4.106242
3.201459
2.865981
2.686913
2.509923
1.029664
0.979800
0.018716
0.014261
0.005254
0.004279
0.003938
0.003962
0.003951
0.003858
0.004221
0.008541
0.003441
0.003544
0.003494
0.003407
0.003459
0.003455
0.003423
0.003411
0.003409
0.003381
0.002588
0.001815
0.001087
0.000976
0.003872
0.004087
0.003693
0.003458
0.003488
0.003450
0.003561
0.003898
0.003540
0.003462
0.003460
0.003629
0.003511
0.003486
0.003443
0.003521
0.003469
0.003527
0.003477
0.003462
0.003473
0.003498
0.874463
0.075599
0.003638
0.003737
0.003618
0.003708
0.003916
0.004858
0.008699
0.011313
3.746360
4.341396
5.284619
6.190993
6.505079
6.769799
6.860294
7.003032
7.125237
7.148715
7.142496
7.137456
7.106188
6.979794
6.863695
6.753999
6.344717
5.894301
5.569303
2.800364
3.575138
3.662860
0.155124
0.157638
3.320839
0.021233
0.002480
0.030472
0.031208
0.034605
0.036474
0.038831
5.768929
6.236448
6.394222
6.517782
6.697191
6.753950
6.865809
6.855160
6.722711
6.479396
5.926697
5.222275
4.959742
4.618845
4.192449
3.770743
3.401361
3.132804
2.913385
2.552745
1.337115
0.704242
0.564804
0.467005
0.819465
0.644412
0.532292
0.283454
0.049481
0.043358
0.037876
0.034454
0.030844
0.029577
0.028594
0.004986
0.001771
0.001201
0.000828
0.000802
0.000772
0.000808
0.000139
0.000153
0.000163
0.000178
0.000013
0.000006
0.000007
0.000005
0.000010
0.000011
0.000023
0.000026
0.000014
0.000009
0.000009
0.000028
0.000074
0.000127
0.000178
0.000213
0.000358
0.000000
0.000000
0.000001
0.000002
0.000066
0.000094
0.000107
0.000109
0.000092
0.000071
0.000000
0.000000
0.000000
0.000000
0.000000
0.000000
0.000000
0.000000
0.000000
0.000000
0.000000
0.000000
0.000000
0.000000
0.000000
0.000000
0.000000
0.000000
0.000000
0.000000
0.000000
0.000000
0.000000
0.000000
0.000000
0.000000
0.000000
0.000000
0.000000
0.000000
0.000000
0.000000
0.000000
0.000000
0.000001
0.000035
0.000037
0.000278
0.001268
0.001750
0.001819
0.001855
0.001903
0.001909
0.001911
0.001911
0.001911
0.001910
0.001910
0.001910
0.001909
0.001908
0.001907
0.001902
0.001898
0.001899
0.001908
0.001911
0.001911
0.001911
0.001911
0.001911
0.001911
0.001911
0.001911
0.001911
0.001911
0.001911
0.001911
0.001911
0.001911
0.001911
0.001911
0.001911
0.001911
0.001911
0.001911
0.001911
0.001911
0.001911
0.001911
0.001911
0.001911
0.001911
0.001911
0.001911
0.001911
0.001911
0.001911
0.001911
0.001911
0.001911
0.001911
0.001911
0.001911
0.001911
0.001911
0.001911
0.001911
0.001911
0.001911
0.001911
0.001911
0.001911
0.001911
0.001911
0.001911
0.001911
0.001911
0.001911
0.001911
0.001911
0.001911
0.001911
0.001911
0.001911
0.001911
0.001911
0.001911
0.001911
0.001911
0.001911
0.001911
0.001911
0.001911
0.001911
0.001911
0.001911
0.001911
0.001911
0.001911
0.001911
0.001911
0.001911
0.001911
0.001911
0.001911
0.001911
0.001911
0.001911
0.001911
0.001911
0.001911
0.001911
0.001911
0.001911
0.001911
0.001911
0.001911
0.001911
0.001911
0.001911
0.001911
0.001911
0.001911
0.001911
0.001911
0.001911
0.001911
0.001911
0.001911
0.001911
0.001911
0.001911
0.001911
0.001911
0.001911
0.001911
0.001911
0.001911
0.001911
0.001911
0.001911
0.001911
0.001911
0.001911
0.001911
0.001911
0.001911
0.001911
0.001911
0.001911
0.001911
0.001911
0.001911
0.001911
0.001911
0.001911
0.001911
0.001911
0.001911
0.001911
0.001911
0.001911
0.001911
0.001911
0.001911
0.001911
0.001911
0.001911
0.001911
0.001911
0.001911
0.001911
0.001911
0.001911
0.001911
0.001911
0.001911
0.001911
0.001911
0.001911
0.001911
0.001911
0.001911
0.001911
0.001911
0.001911
0.001911
0.001911
0.001911
0.001911
0.001911
0.001911
0.001911
0.001911
0.001911
0.001911
0.001911
0.001911
0.001911
0.001911
0.001911
0.001911
0.001911
0.001911
0.001911
0.001911
0.001911
0.001911
0.001911
0.001911
0.001911
0.001911
0.001911
0.001911
0.001911
0.001911
0.001911
0.001911
0.001911
0.001911
0.001911
0.001911
0.001911
0.001911
0.001911
0.001911
0.001911
0.001911
0.001911
0.001911
0.001911
0.001911
0.001911
0.001911
0.001911
0.001911
0.001911
0.001911
0.001911
0.001911
0.001911
0.001911
0.001911
0.001911
0.001911
0.001911
0.001911
0.001911
0.001911
0.001911
0.001911
0.001911
0.001911
0.001911
0.001911
0.001911
0.001911
0.001911
0.001911
0.001911
0.001911
0.001911
0.001911
0.001911
0.001911
0.001911
0.001911
0.001911
0.001911
0.001911
0.001911
0.001911
0.001911
0.001911
0.001911
0.001911
0.001911
0.001911
0.001911
0.001911
0.001911
0.001911
0.001911
0.001911
0.001911
0.001911
0.001911
0.001911
0.001911
0.001911
0.001911
0.001911
0.001911
0.001911
0.001911
0.001911
0.001911
0.001911
0.001911
0.001911
0.001911
0.001910
0.001910
0.001911
0.001911
0.001911
0.001911
0.001911
0.001911
0.001911
0.001911
0.001911
0.001911
0.001911
0.001911
0.001911
0.001911
0.001911
0.001911
0.001911
0.001911
0.001911
0.001911
0.001911
0.001911
0.001911
0.001911
0.001911
0.001909
0.001905
0.001863
0.001814
0.001782
0.001542
0.000775
0.000747
0.001267
0.001820
0.001840
0.001781
0.001666
0.001408
0.001800
0.001855
0.001887
0.001906
0.001908
0.001910
0.001911
0.001911
0.001911
0.001911
0.001911
0.001911
0.001911
0.001911
0.001911
0.001911
0.001911
0.001911
0.001911
0.001911
0.001911
0.001911
0.001911
0.001911
0.001911
0.001911
0.001911
0.001911
0.001911
0.001911
0.001911
0.001911
0.001911
0.001911
0.001911
0.001911
0.001911
0.001911
0.001911
0.001911
0.001911
0.001911
0.001911
0.001911
0.001911
0.001911
0.001911
0.001911
0.001911
0.001911
0.001911
0.001911
0.001911
0.001911
0.001911
0.001911
0.001911
0.001911
0.001911
0.001911
0.001911
0.001911
0.001911
0.001911
0.001911
0.001911
0.001911
0.001911
0.001911
0.001911
0.001911
0.001911
0.001911
0.001911
0.001911
0.001911
0.001911
0.001911
0.001911
0.001911
0.001911
0.001911
0.001911
0.001911
0.001911
0.001911
0.001911
0.001911
0.001911
0.001911
0.001911
0.001911
0.001911
0.001911
0.001911
0.001911
0.001911
0.001911
0.001911
0.001911
0.001911
0.001911
0.001911
0.001911
0.001911
0.001911
0.001911
0.001911
0.001911
0.001911
0.001911
0.001911
0.001911
0.001911
0.001911
0.001911
0.001911
0.001911
0.001911
0.001911
0.001911
0.001911
0.001911
0.001911
0.001911
0.001911
0.001911
0.001911
0.001911
0.001911
0.001911
0.001911
0.001911
0.001911
0.001911
0.001911
0.001911
0.001911
0.001911
0.001911
0.001911
0.001911
0.001911
0.001911
0.001911
0.001911
0.001911
0.001911
0.001911
0.001911
0.001911
0.001911
0.001911
0.001911
0.001906
0.001864
0.001747
0.000000
